106 x 80 x 8 pixel
ga
255 255 255 255 255 255 255 255 255 255 255 255 255 255 255 255 255 255 255 255 255 255 255 255 255 255 255 255 255 255 255 255 255 255 255 255 255 255 255 255 255 255 255 255 255 255 255 255 255 255 255 255 255 255 255 255 255 255 255 255 255 255 255 255 255 255 255 255 255 255 255 255 255 255 255 255 255 255 255 255 255 255 255 255 255 255 255 255 255 255 255 255 255 255 255 255 255 255 255 255 255 255 255 255 255 255 
255 255 255 255 255 255 255 255 255 255 255 255 255 255 255 255 255 255 255 255 255 255 255 255 255 255 255 255 255 255 255 255 255 255 255 255 255 255 255 255 255 255 255 255 255 255 255 255 255 255 255 255 255 255 255 255 255 255 255 255 255 255 255 255 255 255 255 255 255 255 255 255 255 255 255 255 255 255 255 255 255 255 255 255 255 255 255 255 255 255 255 255 255 255 255 255 255 255 255 255 255 255 255 255 255 255 
255 255 255 255 255 255 255 255 255 255 255 255 255 255 255 255 255 255 255 255 255 255 255 255 255 255 255 255 255 255 255 255 255 255 255 255 255 255 255 255 255 255 255 255 255 255 255 255 255 255 255 255 255 255 255 255 255 255 255 255 255 255 255 255 255 255 255 255 255 255 255 255 255 255 255 255 255 255 255 255 255 255 255 255 255 255 255 255 255 255 255 255 255 255 255 255 255 255 255 255 255 255 255 255 255 255 
255 255 255 255 255 255 255 255 255 255 255 255 255 255 255 255 255 255 255 255 255 255 255 255 255 255 255 255 255 255 255 255 255 255 255 255 255 255 255 255 255 255 255 255 255 255 255 255 255 255 255 255 255 255 255 255 255 255 255 255 255 255 255 255 255 255 255 255 255 255 255 255 255 255 255 255 255 255 255 255 255 255 255 255 255 255 255 255 255 255 255 255 255 255 255 255 255 255 255 255 255 255 255 255 255 255 
255 255 255 255 255 255 255 255 255 255 255 255 255 255 255 255 255 255 255 255 255 255 255 255 255 255 255 255 255 255 255 255 255 255 255 255 255 255 255 255 255 255 255 255 255 255 255 255 255 255 255 255 255 255 255 255 255 255 255 255 255 255 255 255 255 255 255 255 255 255 255 255 255 255 255 255 255 255 255 255 255 255 255 255 255 255 255 255 255 255 255 255 255 255 255 255 255 255 255 255 255 255 255 255 255 255 
255 255 255 255 255 255 255 255 255 255 255 255 255 255 255 255 255 255 255 255 255 255 255 255 255 255 255 255 255 255 255 255 255 255 255 255 255 255 255 255 255 255 255 255 255 255 255 255 255 255 255 255 255 255 255 255 255 255 255 255 255 255 255 255 255 255 255 255 255 255 255 255 255 255 255 255 255 255 255 255 255 255 255 255 255 255 255 255 255 255 255 255 255 255 255 255 255 255 255 255 255 255 255 255 255 255 
255 255 255 255 255 255 255 255 255 255 255 255 255 255 255 255 255 255 255 255 255 255 255 255 255 255 255 255 255 255 255 255 255 255 255 255 255 255 255 255 255 255 255 255 255 255 255 255 255 255 255 255 255 255 255 255 255 255 255 255 255 255 255 255 255 255 255 255 255 255 255 255 255 255 255 255 255 255 255 255 255 255 255 255 255 255 255 255 255 255 255 255 255 255 255 255 255 255 255 255 255 255 255 255 255 255 
255 255 255 255 255 255 255 255 255 255 255 255 255 255 255 255 255 255 255 255 255 255 255 255 255 255 255 255 255 255 255 255 255 255 255 255 255 255 255 255 255 255 255 255 255 255 255 255 255 255 255 255 255 255 255 255 255 255 255 255 255 255 255 255 255 255 255 255 255 255 255 255 255 255 255 255 255 255 255 255 255 255 255 255 255 255 255 255 255 255 255 255 255 255 255 255 255 255 255 255 255 255 255 255 255 255 
255 255 255 255 255 255 255 255 255 255 255 255 255 255 255 255 255 255 255 255 255 255 255 255 255 255 255 255 255 255 255 255 255 255 255 255 255 255 255 255 255 255 255 255 255 255 255 255 255 255 255 255 255 255 255 255 255 255 255 255 255 255 255 255 255 255 255 255 255 255 255 255 255 255 255 255 255 255 255 255 255 255 255 255 255 255 255 255 255 255 255 255 255 255 255 255 255 255 255 255 255 255 255 255 255 255 
255 255 255 255 255 255 255 255 255 255 255 255 255 255 255 255 255 255 255 255 255 255 255 255 255 255 255 255 255 255 255 255 255 255 255 255 255 255 255 255 255 255 255 255 255 255 255 255 255 255 255 255 255 255 255 255 255 255 255 255 255 255 255 255 255 255 255 255 255 255 255 255 255 255 255 255 255 255 255 255 255 255 255 255 255 255 255 255 255 255 255 255 255 255 255 255 255 255 255 255 255 255 255 255 255 255 
255 255 255 255 255 255 255 255 255 255 255 255 255 255 255 255 255 255 255 255 255 255 255 255 255 255 255 255 255 255 255 255 255 255 255 255 255 255 255 255 255 255 255 255 255 255 255 255 255 255 255 255 255 255 255 255 255 255 255 255 255 255 255 255 255 255 255 255 255 255 255 255 255 255 255 255 255 255 255 255 255 255 255 255 255 255 255 255 255 255 255 255 255 255 255 255 255 255 255 255 255 255 255 255 255 255 
255 255 255 255 255 255 254 255 255 254 255 255 255 255 255 255 255 254 255 255 255 255 255 255 255 255 254 254 255 255 255 255 254 255 255 254 255 255 254 254 255 255 254 254 255 254 254 255 255 255 254 255 255 255 255 255 255 255 255 255 255 255 255 255 255 255 254 254 255 255 254 254 255 255 254 254 254 255 255 255 255 255 255 255 255 255 255 254 255 255 255 255 254 255 255 255 255 255 255 255 255 255 255 255 255 255 
255 255 255 255 255 254 253 254 254 253 255 254 255 254 254 255 255 252 255 254 255 254 254 254 255 255 253 253 254 254 255 254 253 255 254 253 254 254 252 253 254 254 253 253 254 253 253 254 255 255 253 254 255 255 255 255 255 255 254 254 254 255 254 254 255 255 253 253 255 253 253 253 255 254 253 253 252 255 254 254 253 254 254 254 254 255 254 253 255 254 255 254 253 255 255 255 255 255 255 255 255 255 255 255 255 255 
255 255 255 255 255 255 252 253 253 253 254 254 255 254 254 255 255 252 254 255 254 254 254 254 255 254 253 253 253 254 254 253 253 254 254 253 252 254 251 253 254 254 252 253 253 253 252 253 253 254 253 254 255 255 255 255 255 255 254 253 254 254 253 253 253 253 253 253 254 254 252 253 255 254 253 253 252 254 254 253 253 254 254 254 254 254 253 253 254 254 255 253 253 255 255 255 255 255 255 255 255 255 255 255 255 255 
255 255 255 255 255 255 253 251 252 254 253 254 255 254 254 255 254 253 252 255 254 253 255 254 254 253 253 254 252 253 253 253 255 255 255 254 251 255 251 253 253 255 252 254 252 255 250 253 251 253 255 255 255 255 255 255 255 255 253 252 254 254 253 254 250 251 253 253 253 255 250 252 254 252 254 254 253 251 254 252 253 254 253 255 254 255 253 253 252 254 254 253 254 255 255 255 255 255 255 255 255 255 255 255 255 255 
255 255 255 255 255 255 254 250 252 255 253 254 255 255 255 255 254 254 252 255 253 253 254 254 253 253 253 254 252 253 253 254 255 254 254 253 252 255 251 253 253 255 252 255 250 254 251 253 252 253 255 255 255 255 255 255 255 255 253 253 254 254 254 254 251 251 253 253 253 255 251 253 254 252 254 254 254 251 254 253 254 253 253 255 254 255 253 254 251 254 254 253 255 255 255 255 255 255 255 255 255 255 255 255 255 255 
255 255 255 255 255 254 254 252 253 255 253 254 255 255 255 254 253 254 254 253 252 253 253 253 253 254 254 252 253 253 254 254 254 253 252 251 253 254 252 253 254 253 253 255 250 252 253 254 254 254 254 254 255 255 255 255 255 255 253 254 254 254 255 254 254 253 253 255 254 253 254 254 255 253 252 253 254 254 254 254 254 252 254 254 253 255 252 254 253 253 253 254 255 255 255 255 255 255 255 255 255 255 255 255 255 255 
255 255 255 255 255 254 254 253 252 254 252 254 255 254 255 254 253 253 254 252 251 254 253 252 254 254 253 252 253 253 254 254 254 253 252 251 254 254 253 253 253 254 253 255 251 251 254 253 254 254 253 254 255 255 255 255 255 255 253 253 253 254 254 253 254 254 252 255 255 252 254 254 254 252 251 252 252 254 254 254 254 252 254 253 252 254 251 253 253 252 253 254 255 255 255 255 255 255 255 255 255 255 255 255 255 255 
255 255 255 255 255 253 253 252 250 251 250 253 254 252 254 253 253 253 254 251 251 253 254 248 254 252 251 253 253 254 253 252 254 253 250 252 253 250 253 252 250 254 252 253 252 250 251 252 249 253 254 255 255 255 255 255 255 255 253 249 253 251 252 251 249 252 252 254 255 251 249 252 251 248 250 250 250 253 254 251 252 252 253 253 249 252 250 253 251 250 253 254 254 255 255 255 255 255 255 255 255 255 255 255 255 255 
255 255 255 255 255 253 252 255 252 253 255 254 255 252 254 254 254 255 254 254 255 255 255 252 255 251 254 255 253 254 253 254 255 255 255 255 255 255 254 254 253 255 253 253 255 255 252 254 255 254 254 255 255 255 255 255 255 255 254 254 254 255 255 252 253 252 251 253 254 255 254 253 255 255 253 255 253 253 254 250 254 254 254 255 253 255 255 254 254 253 254 254 254 255 255 255 255 255 255 255 255 255 255 255 255 255 
255 255 255 255 255 254 253 255 253 254 255 253 255 254 254 254 253 255 255 255 255 254 253 253 255 252 255 252 254 254 254 255 253 255 255 255 255 255 251 255 255 254 254 254 255 255 254 255 255 254 254 255 255 255 255 255 255 254 252 255 253 255 255 254 255 252 252 253 254 255 255 251 255 254 254 255 254 254 254 252 255 255 255 255 255 255 255 254 254 255 254 254 254 255 255 255 255 255 255 255 255 255 255 255 255 255 
255 255 255 255 255 254 255 233 246 252 235 248 244 255 248 249 249 246 253 247 226 216 248 214 227 255 235 247 255 255 248 247 248 236 210 223 229 204 241 243 231 246 247 250 239 217 231 249 231 251 255 254 255 255 255 255 255 255 243 232 255 230 238 255 237 246 253 253 251 228 230 242 224 231 243 226 237 255 253 255 229 239 246 216 238 226 212 244 239 243 255 254 254 255 255 255 255 255 255 255 255 255 255 255 255 255 
255 255 255 255 255 254 255 186 225 242 184 233 221 255 234 240 238 217 246 220 175 159 240 154 186 255 188 237 255 255 236 228 241 201 142 174 194 122 225 215 183 226 230 240 211 136 196 230 177 244 255 254 255 255 255 255 254 255 219 180 254 186 200 255 195 231 255 254 245 179 166 217 160 171 223 160 192 255 251 255 180 204 228 145 191 177 130 221 207 214 255 254 255 255 255 255 255 255 255 255 255 255 255 255 255 255 
255 255 255 255 255 255 251 161 208 234 165 217 209 255 226 234 233 191 239 194 167 150 236 147 180 255 158 230 255 255 229 219 237 183 142 178 194 109 226 197 168 203 224 230 205 120 198 219 167 231 255 254 255 255 255 255 254 255 204 166 242 181 183 240 179 215 255 254 245 182 150 208 164 149 220 155 175 255 251 253 163 188 227 142 170 182 122 200 189 204 255 254 255 255 255 255 255 255 255 255 255 255 255 255 255 255 
255 255 255 255 255 255 232 170 203 226 189 204 211 255 224 233 234 172 229 174 202 190 234 196 210 255 155 229 255 255 230 222 236 186 206 233 228 167 241 195 196 184 229 223 224 174 236 216 207 218 255 254 255 255 255 255 255 252 202 198 220 216 193 215 198 205 255 254 250 235 183 221 231 170 238 211 192 255 254 240 187 196 244 206 182 242 188 188 195 215 246 255 254 254 255 255 255 255 255 255 255 255 255 255 255 255 
255 255 255 255 254 255 214 197 206 213 216 194 215 255 223 230 237 161 214 159 220 217 229 226 230 255 162 228 255 255 232 229 238 193 241 255 250 207 246 199 221 175 236 224 233 209 253 211 238 219 255 255 255 254 255 255 255 246 206 229 199 236 205 197 225 204 255 254 253 255 200 231 255 188 252 239 206 255 255 231 216 209 247 242 194 255 215 192 213 226 238 255 253 254 255 255 255 255 255 255 255 255 255 255 255 255 
255 255 255 255 253 255 206 224 217 199 229 188 214 255 221 227 238 153 193 145 214 222 229 224 228 255 166 223 255 255 232 228 237 189 241 255 247 206 242 202 236 176 235 226 233 209 249 200 244 233 254 255 255 253 253 255 255 245 216 239 184 236 210 194 243 208 250 253 253 255 189 240 249 185 255 224 203 255 254 231 232 211 239 238 193 255 205 205 238 229 233 255 252 254 255 255 255 255 255 255 255 255 255 255 255 255 
255 255 255 255 253 255 207 235 233 194 238 188 212 255 221 228 237 151 159 139 201 216 232 218 226 251 171 221 255 255 231 219 232 179 231 255 245 200 240 201 252 193 227 221 231 205 248 183 241 252 252 255 255 255 255 255 255 248 233 241 180 235 213 207 255 205 248 255 253 255 177 249 237 185 255 209 204 255 255 239 246 206 240 224 195 255 190 218 255 220 232 255 252 255 255 255 255 255 255 255 255 255 255 255 255 255 
255 255 255 255 254 255 215 238 250 198 247 193 210 255 221 231 233 152 123 142 185 196 239 221 229 246 173 220 255 255 228 201 216 168 216 250 247 199 242 200 255 212 211 204 227 207 255 170 222 255 253 255 254 255 255 255 254 252 252 238 183 238 213 225 255 194 249 255 254 252 178 255 236 193 255 206 212 255 254 251 251 195 250 218 205 255 190 227 255 199 235 255 253 255 255 255 255 255 255 255 255 255 255 255 255 255 
255 255 255 255 254 255 216 235 255 201 249 197 208 255 219 231 227 159 106 154 161 161 246 220 231 240 183 219 255 255 229 172 188 163 176 230 250 201 243 203 255 215 178 169 226 203 255 182 188 255 254 255 249 229 238 255 254 254 255 222 182 239 211 231 253 189 242 235 252 250 184 255 234 198 255 205 222 247 229 254 245 180 255 211 215 255 192 236 252 172 242 255 254 255 255 255 255 255 255 255 255 255 255 255 255 255 
255 255 255 255 253 255 209 235 255 202 247 197 210 255 216 226 224 168 116 169 144 137 246 217 232 233 189 213 255 255 232 151 163 165 137 210 253 205 243 208 227 196 150 136 227 198 253 219 154 232 255 255 243 174 198 255 253 253 255 200 178 240 209 228 242 194 226 188 246 248 190 255 229 202 255 205 232 216 170 248 240 170 255 205 224 255 193 244 240 153 247 255 255 255 255 255 255 255 255 255 255 255 255 255 255 255 
255 255 255 255 253 255 205 234 255 207 245 197 213 255 215 223 225 177 141 178 158 153 238 218 233 227 161 195 255 255 230 161 176 169 152 218 252 204 243 212 195 171 165 145 226 196 247 249 162 211 255 255 244 171 195 255 254 254 255 178 189 240 206 230 224 200 230 183 246 241 192 255 221 206 255 207 238 210 162 246 243 175 255 206 231 255 192 250 242 160 246 255 254 254 255 255 255 255 255 255 255 255 255 255 255 255 
255 255 255 255 253 255 208 233 255 214 245 198 216 255 214 223 227 182 172 181 196 200 225 221 233 225 114 172 255 255 224 196 218 172 211 248 250 198 243 214 181 153 215 190 222 200 245 255 207 201 255 254 249 222 231 255 254 255 243 168 210 238 205 235 203 208 250 222 253 229 189 255 210 213 255 208 241 232 208 249 254 191 255 209 237 252 189 254 254 186 238 255 253 254 255 255 255 255 255 255 255 255 255 255 255 255 
255 255 255 255 254 255 211 235 254 211 246 193 217 255 214 228 228 179 207 184 213 233 215 219 230 226 110 163 255 255 224 218 239 177 239 255 247 194 242 214 200 155 240 208 221 206 246 255 237 201 255 253 253 254 253 254 254 255 220 175 222 232 206 235 182 223 255 250 255 223 189 255 201 218 255 206 243 251 249 247 255 199 244 205 240 248 191 252 255 204 228 255 253 254 255 255 255 255 255 255 255 255 255 255 255 255 
255 255 255 255 254 255 211 236 239 200 242 186 216 255 213 229 224 173 237 189 211 240 210 211 224 226 158 171 255 255 228 222 238 178 235 255 242 193 240 212 230 166 240 205 219 209 249 250 244 202 255 252 252 255 254 255 253 255 191 195 223 223 209 224 166 243 255 253 255 221 197 255 193 223 255 201 249 255 255 236 248 203 234 195 244 245 200 245 247 208 220 255 253 255 255 255 255 255 255 255 255 255 255 255 255 255 
255 255 255 255 254 255 208 232 221 192 235 182 221 255 210 219 219 173 248 189 211 229 207 216 228 226 203 180 255 255 231 222 231 178 235 255 247 205 241 200 232 167 237 204 221 211 248 229 237 197 255 251 252 253 252 255 252 255 185 221 219 221 217 208 184 255 250 250 255 219 205 255 191 228 255 197 253 253 255 227 233 199 230 191 249 244 212 237 228 209 219 255 252 255 255 255 255 255 255 255 255 255 255 255 255 255 
255 255 255 255 253 255 207 220 203 194 224 187 222 255 207 199 212 181 249 188 214 208 206 222 230 221 224 184 252 255 230 226 228 178 239 255 248 210 244 181 198 157 239 214 225 208 244 207 222 190 255 252 254 254 252 255 253 255 187 245 221 219 221 194 203 255 252 250 255 211 211 255 193 235 254 196 255 252 255 227 215 194 232 195 255 240 221 235 207 210 226 255 251 255 255 255 255 255 255 255 255 255 255 255 255 255 
255 255 255 255 254 255 218 193 186 207 192 194 190 238 210 170 191 180 245 188 187 180 215 179 199 215 234 183 250 255 226 223 225 161 201 232 224 167 240 171 155 147 236 215 224 197 246 199 177 197 255 253 255 253 253 254 254 252 145 210 222 192 209 170 167 236 254 250 255 200 218 255 188 243 246 194 255 251 255 233 188 182 236 192 255 227 216 244 186 196 237 255 251 255 255 255 255 255 255 255 255 255 255 255 255 255 
255 255 255 255 254 255 239 163 178 226 153 205 140 172 220 141 160 181 244 197 140 146 230 107 139 211 242 188 248 255 224 220 227 149 126 162 171 96 221 177 125 156 232 210 221 187 254 208 127 219 255 252 253 254 254 254 255 249 86 136 221 149 180 159 86 168 255 251 255 194 225 255 185 251 236 196 255 252 255 246 158 173 239 185 255 212 208 255 172 177 250 254 254 255 255 255 255 255 255 255 255 255 255 255 255 255 
255 255 255 255 255 254 253 175 198 241 166 222 142 163 231 162 174 201 245 210 147 164 245 112 141 222 246 208 249 255 231 229 235 170 126 156 171 99 220 205 149 184 234 217 228 199 255 224 143 237 255 253 253 254 254 254 255 249 101 131 230 161 188 179 92 162 255 252 255 206 235 253 200 255 237 211 255 253 255 253 173 193 244 202 255 219 217 255 192 192 255 253 254 255 255 255 255 255 255 255 255 255 255 255 255 255 
255 255 254 255 255 254 255 225 235 252 224 241 200 214 244 224 227 235 248 227 208 222 254 196 205 245 250 237 251 255 245 245 244 221 201 215 224 180 240 241 215 224 243 235 242 228 255 243 215 249 254 254 254 253 252 255 255 251 186 203 246 225 233 222 189 221 254 252 253 232 247 251 229 255 247 236 255 252 253 255 224 235 250 238 255 243 245 254 234 235 255 252 253 254 255 255 255 255 255 254 254 255 255 255 255 255 
255 255 255 255 255 255 254 255 255 253 255 250 245 254 253 255 255 254 254 243 249 255 254 251 251 254 254 253 252 253 253 255 253 252 253 255 254 242 254 255 253 250 255 255 253 248 254 253 255 253 253 255 255 253 252 255 255 254 255 255 255 255 255 251 251 255 255 255 252 254 254 254 255 255 254 254 254 253 253 254 255 255 253 254 254 253 255 250 254 255 254 255 254 254 255 255 255 255 255 255 255 255 255 255 255 255 
255 254 255 255 255 253 254 255 254 254 255 254 254 254 253 255 255 255 255 252 254 255 253 255 255 254 254 253 254 253 254 255 254 255 255 255 255 254 255 255 255 255 254 255 254 254 255 255 255 255 254 254 255 254 254 254 254 255 255 255 255 255 255 255 255 255 255 255 254 255 253 254 255 255 254 255 254 254 254 254 255 255 255 252 253 254 255 253 255 255 253 255 253 255 255 254 255 255 255 254 254 255 255 255 255 255 
255 252 250 255 255 253 253 253 254 254 246 254 253 249 254 250 253 255 246 255 249 242 255 252 251 255 245 252 254 254 254 246 243 255 252 249 251 254 254 252 250 251 236 233 249 254 255 239 236 255 254 253 251 255 255 254 254 255 233 230 242 251 252 246 238 253 248 238 250 248 253 252 238 244 253 247 254 255 254 255 242 247 255 252 253 251 251 255 247 248 255 246 251 255 255 255 254 254 255 251 252 255 255 255 255 255 
255 244 231 254 253 252 253 253 255 251 228 255 247 233 255 251 255 255 217 254 237 216 255 244 241 255 218 249 254 252 255 226 216 255 252 236 253 255 255 250 241 242 198 183 242 255 255 202 200 254 247 248 241 255 254 254 255 252 183 176 212 249 248 225 203 251 227 197 236 227 250 240 194 218 252 224 252 254 253 255 215 233 255 250 245 255 251 255 238 236 255 225 243 255 254 255 251 247 255 239 243 255 254 255 255 255 
255 232 199 252 244 234 255 253 246 238 186 247 224 194 253 253 247 238 177 238 225 188 255 226 223 255 183 237 255 252 255 203 186 255 249 202 253 253 255 244 221 233 171 165 239 255 255 178 173 236 235 237 229 255 253 255 255 249 152 159 195 241 234 204 174 239 209 162 224 203 232 223 165 210 242 188 245 255 253 255 191 214 255 236 221 255 247 236 218 207 255 202 227 255 251 248 243 228 255 216 224 255 253 255 255 255 
255 212 172 247 225 206 255 254 226 214 143 227 191 149 245 255 229 205 148 213 215 176 247 204 206 251 161 214 255 253 254 186 170 251 240 160 254 251 255 232 195 227 168 190 243 255 252 177 173 208 215 218 216 255 251 255 255 246 160 195 201 224 213 193 170 215 203 152 221 189 204 202 169 224 224 161 232 255 255 249 184 196 255 213 190 255 239 207 197 178 241 191 207 255 244 230 230 203 255 190 192 255 253 254 255 255 
255 198 180 240 184 188 255 255 207 199 153 213 179 152 231 255 210 182 159 200 211 189 230 174 200 239 174 200 255 254 248 187 176 240 231 143 254 252 255 194 172 224 188 232 248 255 250 187 200 192 197 199 204 255 251 255 255 243 179 236 216 206 201 192 192 202 213 172 226 194 201 191 194 242 207 175 223 255 255 237 192 191 255 204 180 255 231 192 198 180 217 208 197 255 240 222 200 185 249 187 186 254 254 253 255 255 
249 191 218 230 145 185 255 251 197 195 210 206 189 197 217 255 198 183 205 200 211 217 213 153 203 227 214 198 254 255 241 202 198 228 222 156 255 252 255 152 163 223 208 255 252 255 249 197 236 190 179 179 197 255 252 255 255 241 192 255 230 187 198 197 225 202 228 206 235 209 222 187 221 253 196 219 222 255 255 225 207 199 243 210 193 255 225 197 220 208 192 235 200 252 237 228 168 182 232 208 201 244 255 253 255 255 
245 188 242 220 154 191 255 242 193 208 243 200 201 230 211 255 193 203 238 204 207 233 206 169 209 230 241 200 249 255 233 212 215 219 210 175 254 254 255 162 173 226 189 236 255 254 250 205 253 187 163 159 197 255 253 254 255 240 201 255 240 175 197 206 244 205 232 220 236 218 238 186 241 255 195 244 231 255 255 217 220 209 226 209 208 255 216 211 239 227 178 245 206 252 234 235 176 191 228 228 216 237 255 253 255 255 
243 193 241 210 206 198 255 229 195 233 249 192 208 236 210 248 191 234 250 199 203 236 206 211 212 246 250 200 246 255 226 217 225 210 198 187 251 252 255 216 193 228 142 184 255 254 250 208 250 179 147 139 202 255 253 255 255 240 202 255 244 169 194 212 244 208 226 212 233 215 237 179 241 255 201 244 248 253 255 214 227 214 212 199 211 255 203 225 251 225 179 230 215 255 225 238 219 201 238 246 220 234 255 253 255 255 
245 202 239 206 236 208 255 223 200 255 245 185 209 235 213 237 192 255 250 192 207 235 208 231 212 255 251 200 247 255 225 219 230 202 190 196 249 220 253 240 205 223 126 163 251 255 250 212 243 176 136 124 211 255 252 255 255 242 177 232 249 166 195 219 242 201 224 203 233 220 228 169 209 254 200 221 255 252 255 214 230 217 203 197 209 255 194 239 255 218 198 191 218 255 213 241 240 205 250 255 212 236 255 253 255 255 
248 209 241 205 238 215 255 221 206 255 238 181 203 225 215 228 197 255 240 184 218 237 208 232 212 255 250 196 252 255 229 221 232 193 192 203 247 177 250 240 207 216 160 185 240 255 248 213 234 181 134 120 219 255 252 255 255 247 133 166 255 163 195 223 238 192 231 205 238 224 216 162 142 232 200 189 255 251 255 216 229 218 199 204 203 255 190 250 255 212 219 155 215 255 199 244 239 202 255 255 198 242 255 253 255 255 
248 211 241 204 237 217 255 210 214 255 222 185 188 189 214 221 203 255 221 173 223 236 211 229 213 255 238 185 255 255 231 223 232 186 213 208 249 178 252 235 201 226 205 202 232 255 250 192 186 189 147 131 224 255 252 255 255 247 128 160 255 160 191 217 205 194 238 208 237 195 193 170 125 226 218 180 245 252 255 219 230 220 197 222 206 252 187 255 255 198 223 155 213 255 189 250 232 201 255 249 182 250 255 253 255 255 
246 207 240 200 240 215 255 191 224 255 203 199 179 146 210 213 209 255 200 169 218 233 214 232 217 255 222 180 255 255 229 226 232 179 225 206 251 222 255 237 196 247 246 204 226 255 255 157 117 202 171 156 224 255 253 255 255 242 167 219 255 157 188 205 155 213 239 211 230 136 166 192 167 240 249 199 209 255 255 221 234 224 190 223 209 240 182 255 247 184 209 188 212 248 187 255 235 205 255 238 177 255 253 254 255 255 
245 203 241 201 240 215 255 182 234 255 188 218 201 147 210 206 220 255 180 184 209 233 215 234 218 255 212 197 255 255 229 227 236 172 200 180 249 252 255 238 196 255 255 204 222 255 255 150 124 218 194 183 220 255 253 255 255 238 196 255 255 158 188 200 155 234 238 214 227 122 167 206 210 254 255 220 197 255 255 220 234 228 172 180 190 231 188 255 228 185 201 215 212 235 189 255 235 205 255 223 188 255 253 255 255 255 
246 200 242 205 240 219 255 183 245 253 171 237 241 187 212 202 235 255 163 216 200 236 215 235 218 255 207 229 255 255 231 224 238 171 135 140 246 253 255 239 201 255 255 202 220 255 254 175 205 231 210 206 215 255 253 255 255 238 199 255 252 163 193 203 207 253 235 215 229 160 195 206 224 255 255 238 207 255 255 217 229 227 156 98 155 225 205 255 204 205 204 229 214 223 195 255 233 201 255 202 210 255 253 254 255 255 
246 193 239 202 243 226 253 191 255 235 178 251 255 215 211 199 250 237 171 243 193 237 209 241 226 251 207 254 253 255 229 215 234 176 133 135 246 255 255 243 213 250 255 203 219 255 250 200 255 231 215 221 215 255 253 254 255 239 203 255 248 169 195 205 242 255 235 221 229 192 212 202 232 255 247 247 213 255 255 212 227 218 168 97 147 224 221 255 187 232 205 233 215 213 207 255 235 205 255 191 234 255 254 253 255 255 
245 183 230 196 245 228 245 200 255 211 196 255 254 210 207 195 255 210 187 255 192 231 204 244 234 238 197 255 251 255 228 202 218 190 200 169 249 255 255 244 218 242 249 202 222 255 248 206 255 227 213 229 219 255 254 254 255 240 208 255 242 175 196 201 243 255 236 223 227 203 212 199 236 255 230 245 206 255 255 211 223 202 205 180 171 218 233 255 173 250 205 234 215 204 219 255 237 212 253 185 250 255 254 253 255 255 
248 182 218 199 239 219 233 207 255 180 193 251 220 182 205 194 255 182 174 248 189 205 209 224 219 219 173 253 251 255 233 184 195 209 251 192 250 232 255 236 191 235 218 186 231 255 247 200 255 221 206 227 216 255 253 255 255 241 192 246 226 184 195 194 242 255 227 204 225 208 214 186 225 252 214 218 199 255 255 216 204 187 236 238 190 217 246 240 151 254 203 208 202 197 229 255 231 206 233 167 250 253 253 254 255 255 
254 190 205 216 222 199 221 212 255 153 163 239 180 152 209 197 255 163 130 218 188 167 227 186 186 203 140 233 254 255 246 166 166 233 255 193 249 191 255 219 142 233 174 155 244 255 247 191 255 220 206 224 210 255 253 255 255 243 160 204 206 200 197 191 244 255 209 171 223 212 226 174 198 232 205 176 198 255 255 228 175 176 250 239 194 221 255 228 126 234 206 174 187 196 237 255 216 186 211 140 227 250 253 255 255 255 
255 199 186 237 198 167 216 221 255 139 130 224 167 154 219 206 255 160 103 195 201 159 247 165 168 200 124 219 255 253 255 175 168 249 254 199 248 180 255 209 119 235 173 164 253 255 248 194 255 225 213 226 212 255 252 255 255 246 157 186 206 221 210 198 246 255 198 154 224 218 239 178 178 216 216 168 212 255 252 241 170 182 255 235 200 227 255 226 120 208 218 168 196 207 244 255 200 165 205 124 201 250 254 254 255 255 
255 208 173 255 183 148 220 233 255 147 121 217 191 193 233 222 255 174 118 197 226 187 255 176 178 212 138 220 255 253 255 209 201 255 253 216 251 206 255 215 141 240 214 213 255 255 251 212 255 235 227 235 226 255 253 255 255 249 190 201 227 242 232 215 249 255 201 167 230 230 249 200 180 214 238 200 236 255 253 251 194 204 255 241 214 234 255 234 140 196 237 195 227 225 252 255 195 161 218 135 190 251 255 252 255 255 
255 225 193 255 199 174 233 244 255 185 160 226 224 228 244 238 255 205 169 217 244 222 255 207 208 230 183 233 255 253 255 239 232 255 251 233 253 236 255 231 189 247 245 244 255 255 252 233 255 245 241 245 239 255 254 255 255 251 226 228 246 253 248 233 251 255 220 202 240 242 254 226 205 227 251 235 252 254 254 255 224 229 255 245 231 244 255 244 186 211 250 228 246 241 253 255 211 189 237 177 207 252 255 252 255 255 
254 248 238 255 237 231 248 252 255 236 228 246 247 248 251 249 255 239 232 244 251 247 255 242 241 246 236 250 255 254 254 250 249 255 252 247 255 251 255 247 238 254 248 250 255 254 254 248 254 251 251 252 249 255 255 255 255 253 247 248 253 255 255 248 253 255 244 240 251 251 254 246 241 248 254 250 254 252 255 254 246 246 255 251 248 253 253 249 236 243 254 247 252 252 252 254 242 237 249 234 240 253 253 254 255 255 
254 255 255 251 254 255 254 254 254 255 255 255 255 251 252 254 254 255 255 253 252 255 252 254 255 255 255 255 254 255 251 253 254 253 254 254 255 254 253 255 255 253 251 251 254 254 254 254 253 254 255 255 254 254 255 255 255 254 255 255 252 254 254 255 254 254 255 255 255 254 253 254 255 255 254 255 253 252 255 253 254 254 254 254 255 255 252 252 255 255 253 254 252 253 251 253 254 255 255 255 255 254 253 255 255 255 
254 254 255 250 254 255 253 254 254 255 255 254 255 253 250 255 254 255 255 254 254 255 252 254 255 255 255 253 253 255 248 253 253 253 255 255 254 253 252 253 255 250 254 253 254 254 254 254 253 255 255 255 255 254 255 255 255 255 255 255 251 254 252 255 254 252 254 254 255 255 254 254 255 255 255 254 253 254 255 254 254 255 255 254 255 255 254 254 255 255 252 253 254 254 253 253 255 255 255 255 255 255 254 255 255 255 
254 251 251 251 252 250 251 254 255 250 252 252 252 252 250 254 254 253 249 251 253 252 252 252 253 254 252 251 254 255 249 252 251 253 255 254 253 251 252 252 250 249 254 253 254 254 254 253 253 255 254 254 254 254 254 255 255 255 253 253 251 254 251 253 254 253 252 251 253 253 254 253 252 252 254 251 253 255 254 254 252 253 255 253 253 253 255 254 251 252 251 251 254 253 255 254 252 251 254 250 252 254 255 254 255 255 
253 253 253 254 253 251 254 254 254 249 254 253 251 254 251 253 255 254 254 251 253 251 252 254 255 252 254 254 255 254 253 253 251 255 255 254 254 254 254 253 251 254 253 253 254 254 254 253 253 255 253 254 253 254 254 255 255 255 253 252 253 255 253 252 254 255 253 252 253 251 255 252 252 254 253 250 255 255 254 255 252 254 254 253 254 253 254 254 253 254 252 253 253 253 254 254 252 252 253 251 250 253 255 253 255 255 
252 255 252 254 254 252 255 254 254 250 253 253 252 254 252 252 255 254 255 252 253 251 252 254 255 252 254 255 255 254 254 252 252 255 255 254 254 255 254 254 252 255 252 253 253 254 254 253 254 254 253 253 253 255 255 255 255 255 253 253 254 254 254 252 254 255 253 252 254 251 254 252 252 254 253 251 255 253 254 254 253 254 254 253 254 254 254 253 254 254 253 254 253 253 253 254 252 253 254 252 251 253 255 253 255 255 
251 255 252 253 254 254 254 254 254 254 253 254 254 254 252 252 252 252 254 252 254 254 252 254 254 255 254 252 252 255 253 251 254 254 254 253 255 255 250 255 254 252 252 255 253 253 253 255 254 254 254 253 253 254 255 255 255 255 254 255 253 253 255 252 254 252 254 254 254 252 253 254 252 252 252 254 253 252 253 253 254 254 254 255 255 255 255 252 255 253 253 253 254 252 252 254 254 253 255 254 254 254 253 254 255 255 
252 255 253 253 254 255 252 254 253 255 253 254 254 253 253 253 252 252 254 253 255 255 253 253 254 255 254 252 252 255 253 252 255 254 254 253 255 254 250 254 253 251 253 255 254 253 253 255 254 254 254 253 253 254 255 255 255 255 255 255 252 252 253 254 254 252 254 254 254 253 253 255 253 252 252 254 252 252 253 254 254 254 254 255 255 255 254 252 254 253 253 253 254 253 252 254 254 253 255 254 254 255 253 255 255 255 
254 253 254 254 254 255 252 254 252 253 254 254 252 252 254 254 254 254 255 253 253 255 254 253 253 254 255 254 254 253 254 254 254 254 254 254 254 254 253 253 251 254 254 254 255 253 253 255 254 254 254 254 254 254 255 255 255 255 254 252 254 254 252 255 253 254 254 254 253 254 255 254 254 254 253 252 254 254 252 255 252 252 255 253 254 254 253 254 253 254 252 253 252 254 254 255 252 253 255 253 250 255 255 255 255 255 
255 253 254 254 254 254 252 254 252 252 254 254 252 252 254 254 255 255 254 253 253 255 254 254 253 253 255 255 255 253 255 255 253 254 254 254 254 254 254 253 251 254 254 254 255 254 254 255 254 254 254 254 254 254 255 255 255 255 254 251 254 254 251 254 253 255 254 253 253 254 255 253 254 254 253 251 255 255 253 254 251 251 254 252 253 253 253 255 252 254 252 253 252 254 255 254 252 254 255 253 250 254 255 255 255 255 
254 255 254 253 254 253 254 254 254 253 254 254 254 253 253 253 254 253 253 254 252 254 254 255 254 254 254 254 255 254 254 253 252 253 254 254 254 254 253 253 254 252 253 254 254 254 254 254 253 254 254 254 254 254 255 255 255 255 254 253 253 251 252 254 254 255 254 253 254 253 253 253 252 254 254 252 255 254 255 251 253 252 253 253 253 253 254 254 254 254 254 254 252 254 254 253 254 254 254 253 253 254 254 255 255 255 
254 255 254 253 255 254 255 254 255 254 254 254 255 253 253 253 254 253 254 254 252 254 254 255 254 254 254 253 253 255 253 253 253 253 254 254 254 254 253 253 255 252 253 254 254 253 254 253 253 254 253 254 254 254 255 255 254 255 253 254 253 251 253 253 255 254 254 253 254 253 252 253 252 254 254 253 254 254 255 251 254 253 253 254 254 254 255 254 255 254 255 254 253 254 254 253 255 254 254 254 255 254 254 255 255 255 
255 255 255 254 255 255 255 255 255 255 255 255 255 255 254 254 255 254 255 254 252 254 254 254 253 254 255 254 253 254 254 254 254 255 254 254 254 255 254 253 255 254 254 254 255 254 254 252 253 254 253 254 253 254 255 254 253 254 252 253 255 253 254 253 255 253 253 253 254 255 253 253 254 253 254 253 253 252 254 253 255 255 254 255 255 255 255 255 255 255 255 255 254 255 255 254 255 255 255 255 255 255 255 255 255 255 
255 255 255 255 255 255 255 255 255 255 255 255 255 255 255 255 255 255 255 254 253 254 254 254 253 254 255 254 253 254 253 254 254 255 254 255 254 254 255 254 255 254 254 254 254 254 253 253 254 254 253 254 253 254 254 253 253 254 253 252 254 254 254 253 255 253 253 254 253 254 254 253 255 254 254 253 253 252 253 254 255 255 255 255 255 255 255 255 255 255 255 255 255 255 255 255 255 255 255 255 255 255 255 255 255 255 
255 255 255 255 255 255 255 255 255 255 255 255 255 255 255 255 255 255 255 255 254 254 255 255 254 254 253 254 255 255 252 252 252 254 254 255 254 252 254 254 253 252 253 254 252 255 252 253 254 254 254 254 254 253 253 251 254 253 254 252 251 253 255 253 253 254 253 253 254 253 253 253 255 254 254 254 252 253 254 254 255 255 255 255 255 255 255 255 255 255 255 255 255 255 255 255 255 255 255 255 255 255 255 255 255 255 
255 255 255 255 255 255 255 255 255 255 255 255 255 255 255 255 255 255 255 255 255 255 255 255 255 254 253 254 255 255 251 252 251 253 253 255 253 252 254 255 253 251 252 254 251 255 252 254 255 254 254 253 254 253 253 250 255 252 254 251 250 253 255 253 252 254 254 253 255 251 253 253 255 254 254 254 252 254 254 254 255 255 255 255 255 255 255 255 255 255 255 255 255 255 255 255 255 255 255 255 255 255 255 255 255 255 
